C ********
C CLIMDATA
C ********

C SPECIFY THE CLIMATOLOGICAL DATA
C  IF NITROGEN IS MODELLED THEN SPECIFY MIN AND MAX TEMPERATURES
C  IF SUCROS IS USED THEN SPECIFY MIN, MAX TEMPERATURES AND GLOBAL RADIATION
C  ELSE SKIP LAST THREE COLUMNS

C    YR M DAY    ET0     PREC   IRRIG  INTC  MINTEM MAXTEMP GLOBAL RAD
C                (MM)    (MM)   (MM)   (MM)   (C)    (C)    (J/CM2/DAY)
C ---------------------------------------------------------------------
 1988   4   19    0.0    5.0    0.0    0.0    8.3   19.0 2027.0
 1988   4   20    0.0    0.0    0.0    0.0    9.5   14.5 1006.0
 1988   4   21    2.5   10.0    0.0    0.0    7.0   14.5 1267.0
 1988   4   22    2.5    0.0    0.0    0.0    7.0   13.5 1519.0
 1988   4   23    3.5    0.0    0.0    0.0    2.5    9.0 2472.0
 1988   4   24    3.5    0.0    0.0    0.0    1.0   11.0 2506.0
 1988   4   25    3.1    0.0    0.0    0.0    1.5   11.5 2307.0
 1988   4   26    3.2    0.0    0.0    0.0    3.0   12.5 2342.0
 1988   4   27    3.1    5.0    0.0    0.0    4.0   14.5 2200.0
 1988   4   28    2.1    4.5    0.0    0.0    6.5   12.0 1352.0
 1988   4   29    2.4    0.0    0.0    0.0    2.0   15.0 1377.0
 1988   4   30    3.4    0.0    0.0    0.0    9.5   17.0 1880.0
 1988   5    1    2.3   12.0    0.0    0.0    7.0   15.0 1276.0
 1988   5    2    3.3    1.0    0.0    0.0    8.0   19.0 1694.0
 1988   5    3    2.0   13.0    0.0    0.0    8.5   17.5 1052.0
 1988   5    4    2.2    1.0    0.0    0.0    9.0   15.5 1015.0
 1988   5    5    3.5    0.0    0.0    0.0    6.0   20.0 2210.0
 1988   5    6    4.2    0.0    0.0    0.0    5.5   23.5 2522.0
 1988   5    7    3.3    1.0    0.0    0.0    9.5   22.0 1541.0
 1988   5    8    3.3    1.0    0.0    0.0   16.0   24.8 1424.0
 1988   5    9    2.1    2.5    0.0    0.0   11.5   15.5 1301.0
 1988   5   10    0.3    7.0    0.0    0.0   10.0   10.5  208.0
 1988   5   11    1.3    1.5    0.0    0.0    9.0   12.5  786.0
 1988   5   12    4.5    0.0    0.0    0.0    9.3   23.5 2487.0
 1988   5   13    4.8    0.0    0.0    0.0   12.0   26.5 2582.0
 1988   5   14    4.8    0.0    0.0    0.0   12.0   26.0 2496.0
 1988   5   15    4.7    0.0    0.0    0.0   13.8   26.8 2111.0
 1988   5   16    4.4    0.0    0.0    0.0   16.0   24.0 2173.0
 1988   5   17    3.8    0.0    0.0    0.0   10.5   20.5 2113.0
 1988   5   18    2.7    0.0    0.0    0.0   11.0   14.8 1296.0
 1988   5   19    1.6    0.0    0.0    0.0    9.0   16.5  580.0
 1988   5   20    3.3    0.0    0.0    0.0    6.5   17.0 1940.0
 1988   5   21    3.3    0.0    0.0    0.0    5.8   20.0 1870.0
 1988   5   22    4.6    0.0    0.0    0.0    6.8   18.0 2870.0
 1988   5   23    4.8    2.5    0.0    0.0    8.5   24.8 2551.0
 1988   5   24    4.7    0.0    0.0    0.0   13.0   25.0 2303.0
 1988   5   25    4.1   31.0    0.0    0.0   10.8   28.0 1992.0
 1988   5   26    3.3    0.0    0.0    0.0   14.5   23.5 1696.0
 1988   5   27    0.4    6.5    0.0    0.0   13.3   15.8  228.0
 1988   5   28    1.8    0.0    0.0    0.0   12.0   23.3  584.0
 1988   5   29    3.2   13.5    0.0    0.0   11.0   19.0 1590.0
 1988   5   30    2.5    3.5    0.0    0.0    9.8   17.0 1331.0
 1988   5   31    4.3    0.0    0.0    0.0    9.0   17.0 1969.0
 1988   6    1    3.4    0.0    0.0    0.0   11.0   17.8 1601.0
 1988   6    2    2.3    0.0    0.0    0.0   11.5   17.8 1029.0
 1988   6    3    2.3    0.5    0.0    0.0   12.8   17.0  852.0
 1988   6    4    2.8    0.0    0.0    0.0   10.0   14.0 1569.0
 1988   6    5    3.4    9.0    0.0    0.0    9.5   15.0 1986.0
 1988   6    6    2.1    5.0    0.0    0.0   10.0   15.0  998.0
 1988   6    7    2.3    0.0    0.0    0.0   10.5   15.3 1284.0
 1988   6    8    2.6    0.0    0.0    0.0   10.5   17.5 1494.0
 1988   6    9    2.9    0.0    0.0    0.0   12.0   19.0 1452.0
 1988   6   10    1.3    0.0    0.0    0.0   12.5   16.8  655.0
 1988   6   11    3.4    0.0    0.0    0.0   11.3   15.0 1911.0
 1988   6   12    2.8    0.0    0.0    0.0   12.5   17.3 1189.0
 1988   6   13    4.2    0.0    0.0    0.0   12.5   21.3 2307.0
 1988   6   14    4.8    0.0    0.0    0.0   12.3   20.8 2807.0
 1988   6   15    2.9    0.0    0.0    0.0   12.3   19.3 1348.0
 1988   6   16    1.9    0.0    0.0    0.0   13.0   16.5  775.0
 1988   6   17    4.5    0.0    0.0    0.0   12.3   17.3 2337.0
 1988   6   18    2.6    0.0    0.0    0.0   10.5   17.0 1092.0
 1988   6   19    4.5    0.0    0.0    0.0   10.5   17.0 2437.0
 1988   6   20    3.6    0.0    0.0    0.0   10.8   18.8 1767.0
 1988   6   21    3.9    0.0    0.0    0.0   14.3   22.0 1619.0
 1988   6   22    3.1    0.0    0.0    0.0   11.8   17.5 1433.0
 1988   6   23    3.7    0.0    0.0    0.0   11.8   19.0 1675.0
 1988   6   24    1.3    0.0    0.0    0.0   11.8   15.3  554.0
 1988   6   25    1.7    0.0    0.0    0.0   13.0   16.5  753.0
 1988   6   26    1.1    0.0    0.0    0.0   13.3   16.8  399.0
 1988   6   27    2.2    0.5    0.0    0.0   14.0   19.0  815.0
 1988   6   28    3.9    0.0    0.0    0.0   13.8   20.0 1863.0
 1988   6   29    3.5    0.0    0.0    0.0   13.5   20.8 1590.0
 1988   6   30    4.0    0.0    0.0    0.0   13.8   23.0 1922.0
 1988   7    1    3.3   29.0    0.0    0.0   11.5   19.5 1540.0
 1988   7    2    3.4   10.0    0.0    0.0   10.5   18.0 1458.0
 1988   7    3    2.7    8.5    0.0    0.0   10.8   16.0 1173.0
 1988   7    4    4.0   16.5    0.0    0.0   13.0   18.3 1755.0
 1988   7    5    1.9    8.5    0.0    0.0   13.0   19.0  705.0
 1988   7    6    4.2    4.5    0.0    0.0   14.0   19.0 1940.0
 1988   7    7    3.6    2.0    0.0    0.0   13.0   19.5 1655.0
 1988   7    8    2.8    0.0    0.0    0.0   11.5   16.0 1441.0
 1988   7    9    4.1    3.0    0.0    0.0   10.5   19.0 2036.0
 1988   7   10    5.5    0.0    0.0    0.0   11.3   22.0 2730.0
 1988   7   11    3.5    0.0    0.0    0.0   13.0   20.3 1449.0
 1988   7   12    4.2    1.5    0.0    0.0   12.0   21.0 1822.0
 1988   7   13    2.0    2.5    0.0    0.0   12.5   18.3  824.0
 1988   7   14    1.9    1.0    0.0    0.0   12.8   17.0  684.0
 1988   7   15    0.8    9.5    0.0    0.0   13.0   15.0  211.0
 1988   7   16    1.4   12.5    0.0    0.0   13.0   15.8  445.0
 1988   7   17    1.0   19.0    0.0    0.0   12.0   16.5  372.0
 1988   7   18    2.5   10.0    0.0    0.0   12.0   19.0  965.0
 1988   7   19    3.4    0.0    0.0    0.0   11.0   21.0 1714.0
 1988   7   20    2.8    0.0    0.0    0.0   12.5   19.3 1254.0
 1988   7   21    2.2    0.0    0.0    0.0   15.0   20.3  807.0
 1988   7   22    1.8    2.0    0.0    0.0   17.0   20.5  590.0
 1988   7   23    4.3    2.5    0.0    0.0   17.0   23.8 1827.0
 1988   7   24    4.5   21.5    0.0    0.0   13.0   19.0 2004.0
 1988   7   25    5.2    0.0    0.0    0.0   12.0   21.5 2464.0
 1988   7   26    1.1    8.5    0.0    0.0    9.0   18.0  420.0
 1988   7   27    3.4    0.0    0.0    0.0    7.0   20.1 1946.0
 1988   7   28    2.5    0.5    0.0    0.0    8.3   20.1 1314.0
 1988   7   29    3.8    6.0    0.0    0.0   10.3   19.3 2074.0
 1988   7   30    4.1    0.0    0.0    0.0    8.0   20.6 2046.0
 1988   7   31    4.0    0.0    0.0    0.0   10.7   21.4 2151.0
 1988   8    1    4.3    0.0    0.0    0.0    8.8   22.5 2055.0
 1988   8    2    1.6    0.0    0.0    0.0   10.9   17.5  668.0
 1988   8    3    4.4    2.5    0.0    0.0   11.5   19.0 2117.0
 1988   8    4    4.4    0.0    0.0    0.0   11.5   20.5 1805.0
 1988   8    5    3.5    0.0    0.0    0.0   13.5   21.0 1504.0
 1988   8    6    4.4    0.0    0.0    0.0   12.5   24.0 2253.0
 1988   8    7    4.6    0.0    0.0    0.0   14.5   24.5 2200.0
 1988   8    8    4.3    0.0    0.0    0.0   16.5   25.0 2040.0
 1988   8    9    3.9    0.0    0.0    0.0   16.0   23.0 1811.0
 1988   8   10    4.1    0.0    0.0    0.0   14.5   24.0 1629.0
 1988   8   11    4.9    9.5    0.0    0.0   14.5   20.0 1620.0
 1988   8   12    4.4    0.0    0.0    0.0   13.5   19.0 1450.0
 1988   8   13    5.6    0.0    0.0    0.0   11.5   20.0 1861.0
 1988   8   14    5.9    0.0    0.0    0.0   13.0   25.5 2315.0
 1988   8   15    4.6    0.0    0.0    0.0   15.5   20.5 1791.0
 1988   8   16    4.3    0.0    0.0    0.0   12.0   21.8 2240.0
 1988   8   17    4.1    0.0    0.0    0.0   11.8   22.8 2200.0
 1988   8   18    5.6    0.0    0.0    0.0   14.5   26.3 2053.0
 1988   8   19    4.8    0.0    0.0    0.0   14.0   20.3 1180.0
 1988   8   20    4.4    0.0    0.0    0.0   13.0   19.3 1384.0
 1988   8   21    3.1    9.0    0.0    0.0   14.0   18.0  657.0
 1988   8   22    3.1    4.0    0.0    0.0   10.8   18.8  904.0
 1988   8   23    3.9    0.0    0.0    0.0   14.0   20.0 1488.0
 1988   8   24    2.4    0.0    0.0    0.0   11.5   23.3  512.0
 1988   8   25    4.3    9.5    0.0    0.0   11.8   18.0 1313.0
 1988   8   26    2.7    0.0    0.0    0.0   11.8   18.1 1021.0
 1988   8   27    2.5    2.0    0.0    0.0   12.1   24.5  821.0
 1988   8   28    5.2    0.0    0.0    0.0   15.1   25.2 1530.0
 1988   8   29    3.2    3.5    0.0    0.0   10.8   19.0 1104.0
 1988   8   30    3.7    0.5    0.0    0.0   11.4   19.2 1590.0
 1988   8   31    4.4    0.0    0.0    0.0   11.5   21.0 1459.0
 1988   9    1    1.7    2.5    0.0    0.0   13.0   17.9  424.0
 1988   9    2    5.7    9.0    0.0    0.0   12.2   17.5 1106.0
 1988   9    3    2.7    3.5    0.0    0.0   11.0   16.0  715.0
 1988   9    4    3.9    0.0    0.0    0.0   10.0   18.0 1428.0
 1988   9    5    2.1    0.0    0.0    0.0   12.0   19.0  498.0
 1988   9    6    3.1    7.5    0.0    0.0   12.0   21.3 1206.0
 1988   9    7    3.9    0.0    0.0    0.0   13.8   22.0 1778.0
 1988   9    8    4.7    0.0    0.0    0.0   12.8   21.5 1877.0
 1988   9    9    4.3    0.0    0.0    0.0   12.3   28.5 1672.0
 1988   9   10    1.5    0.0    0.0    0.0   12.2   21.3  463.0
 1988   9   11    2.4    0.0    0.0    0.0   13.0   20.1  817.0
 1988   9   12    2.9    3.5    0.0    0.0    9.7   17.5  939.0
 1988   9   13    2.6    4.0    0.0    0.0    9.6   16.0  776.0
 1988   9   14    2.4   17.0    0.0    0.0   12.2   15.7 1039.0
 1988   9   15    2.7   14.0    0.0    0.0   12.0   17.5  858.0
 1988   9   16    1.0    5.0    0.0    0.0   13.0   15.2  285.0
 1988   9   17    1.0    8.0    0.0    0.0   13.8   16.8  413.0
 1988   9   18    1.1    1.5    0.0    0.0   13.0   15.2  482.0
 1988   9   19    1.7    0.0    0.0    0.0   10.0   17.0  786.0
 1988   9   20    1.4    0.0    0.0    0.0    9.9   15.9  765.0
 1988   9   21    1.8    0.0    0.0    0.0   10.4   15.0 1172.0
 1988   9   22    1.6    0.0    0.0    0.0    9.2   16.0  893.0
 1988   9   23    4.2    1.5    0.0    0.0   11.4   16.1  738.0
 1988   9   24    2.1    5.0    0.0    0.0   10.1   16.1  281.0
 1988   9   25    1.0   20.0    0.0    0.0   14.1   17.0  225.0
 1988   9   26    1.3    0.0    0.0    0.0   15.0   16.0  264.0
 1988   9   27    1.5    0.5    0.0    0.0    9.9   17.3  678.0
 1988   9   28    2.4    2.5    0.0    0.0   11.2   16.3  305.0
 1988   9   29    3.0    1.5    0.0    0.0    8.5   15.4 1082.0
 1988   9   30    2.1    0.0    0.0    0.0    7.2   14.1 1192.0
 1988  10    1    2.1    0.0    0.0    0.0    7.8   14.5 1319.0
 1988  10    2    1.9    0.0    0.0    0.0    8.2   16.8 1163.0
 1988  10    3    0.9    0.0    0.0    0.0    8.8   16.1  689.0
 1988  10    4    2.7    0.5    0.0    0.0   10.9   18.1 1170.0
 1988  10    5    2.2    0.0    0.0    0.0   12.8   15.7  486.0
 1988  10    6    1.5   17.0    0.0    0.0   11.2   14.9  119.0
 1988  10    7    2.8    1.0    0.0    0.0   10.3   15.0  611.0
 1988  10    8    3.0    6.0    0.0    0.0    9.1   13.5  763.0
 1988  10    9    1.0   14.0    0.0    0.0   12.0   15.0  126.0
 1988  10   10    1.6    0.0    0.0    0.0    9.5   13.3  815.0
 1988  10   11    1.4    0.0    0.0    0.0    3.8   13.0  512.0
 1988  10   12    1.8    3.5    0.0    0.0   10.2   16.1  784.0
 1988  10   13    1.5    0.0    0.0    0.0    9.8   13.9  617.0
 1988  10   14    1.6    0.0    0.0    0.0    9.7   18.1  991.0
 1988  10   15    0.9    0.0    0.0    0.0   12.8   14.2  272.0
 1988  10   16    0.9    0.0    0.0    0.0   12.8   14.6  293.0
 1988  10   17    1.0    0.0    0.0    0.0   12.5   14.2  406.0
 1988  10   18    1.8    4.5    0.0    0.0   12.2   20.1  544.0
 1988  10   19    0.9    0.5    0.0    0.0   14.5   18.6  561.0
 1988  10   20    0.4    3.0    0.0    0.0   13.6   15.1  115.0
 1988  10   21    0.6    0.0    0.0    0.0   10.7   15.0  330.0
 1988  10   22    0.6    0.0    0.0    0.0    8.5   13.0  643.0
 1988  10   23    0.6    4.5    0.0    0.0    8.5   11.9  310.0
 1988  10   24    0.6    0.0    0.0    0.0    8.9   15.4  465.0
 1988  10   25    1.1    0.0    0.0    0.0   10.0   17.0  627.0
 1988  10   26    2.2    1.0    0.0    0.0    9.3   15.0  509.0
 1988  10   27    2.4    0.0    0.0    0.0    9.4   17.0  449.0
 1988  10   28    0.8    0.0    0.0    0.0    9.1   16.0  463.0
 1988  10   29    1.1    0.0    0.0    0.0    5.6   11.5  584.0
 1988  10   30    1.2    0.0    0.0    0.0    2.2    9.6  753.0
 1988  10   31    0.5    0.0    0.0    0.0   -0.1   10.3  730.0
 1988  11    1    0.5    0.0    0.0    0.0    0.0   12.0  577.0
 1988  11    2    0.7    1.5    0.0    0.0    0.0   11.0  290.0
 1988  11    3    0.9    0.0    0.0    0.0   -1.5    5.5  787.0
 1988  11    4    1.2    0.0    0.0    0.0   -2.0    5.0  779.0
 1988  11    5    0.7    0.0    0.0    0.0   -3.0    6.5  707.0
 1988  11    6    0.6    0.0    0.0    0.0   -3.0    6.5  586.0
 1988  11    7    0.6    0.0    0.0    0.0   -1.0    5.0  544.0
 1988  11    8    0.9    1.0    0.0    0.0    0.0    8.0  625.0
 1988  11    9    1.2    0.0    0.0    0.0    0.0   13.5  381.0
 1988  11   10    0.5    0.0    0.0    0.0    8.0   16.0  239.0
 1988  11   11    0.1    7.0    0.0    0.0   12.5   14.0   90.0
 1988  11   12    0.2    0.0    0.0    0.0   12.0   14.5  108.0
 1988  11   13    0.7    0.0    0.0    0.0    7.0   10.0  385.0
 1988  11   14    0.0    0.0    0.0    0.0    4.0   11.0  217.0
 1988  11   15    0.2    0.0    0.0    0.0    4.5   12.0  379.0
 1988  11   16    0.1    0.0    0.0    0.0    2.0   11.5  452.0
 1988  11   17    0.5    3.0    0.0    0.0    2.0   10.5  398.0
 1988  11   18    0.9    2.0    0.0    0.0    2.0   11.5  278.0
 1988  11   19    0.4    7.0    0.0    0.0    5.5    6.5  140.0
 1988  11   20    0.0    3.5    0.0    0.0    2.5    3.0   65.0
 1988  11   21    0.4    0.0    0.0    0.0   -1.5    5.0  504.0
 1988  11   22    0.0    0.0    0.0    0.0   -5.0    8.0  186.0
 1988  11   23    0.6    3.0    0.0    0.0   -5.0    8.0  113.0
 1988  11   24    0.0    1.0    0.0    0.0    5.0    7.5  115.0
 1988  11   25    0.2    0.0    0.0    0.0    3.5    8.5  323.0
 1988  11   26    0.3    0.0    0.0    0.0    4.0    8.5  127.0
 1988  11   27    0.1    0.0    0.0    0.0    5.0    9.5  303.0
 1988  11   28    0.8    1.0    0.0    0.0    1.0   11.9  130.0
 1988  11   29    0.3   15.0    0.0    0.0    2.0   12.0   98.0
 1988  11   30    0.4    5.5    0.0    0.0    7.0   12.0   67.0
 1988  12    1    0.1    3.5    0.0    0.0    8.0    8.5   25.0
 1988  12    2    0.0    0.0    0.0    0.0    1.5    5.5   48.0
 1988  12    3    1.0    4.0    0.0    0.0    2.0   10.0  289.0
 1988  12    4    0.5   13.0    0.0    0.0    4.5    9.5   35.0
 1988  12    5    1.8    0.0    0.0    0.0    5.5    8.0  121.0
 1988  12    6    2.0    6.0    0.0    0.0    5.5    7.5  264.0
 1988  12    7    1.2    1.5    0.0    0.0    5.5    7.5  225.0
 1988  12    8    0.4    9.5    0.0    0.0    2.5    9.0   78.0
 1988  12    9    0.1    4.0    0.0    0.0    4.0   10.5   95.0
 1988  12   10    0.2    0.0    0.0    0.0    8.0   11.0   45.0
 1988  12   11    1.4    1.0    0.0    0.0    8.0    9.5   54.0
 1988  12   12    1.5    1.5    0.0    0.0    7.0    9.5  230.0
 1988  12   13    0.4    0.0    0.0    0.0    6.5    8.5   99.0
 1988  12   14    0.4    0.5    0.0    0.0    5.5    8.5  137.0
 1988  12   15    0.5    0.0    0.0    0.0    5.5    9.5   66.0
 1988  12   16    0.3    1.5    0.0    0.0    6.5    7.5   66.0
 1988  12   17    0.2    0.0    0.0    0.0    3.0    7.5  244.0
 1988  12   18    1.0    0.0    0.0    0.0    3.0   11.0  234.0
 1988  12   19    1.5    7.5    0.0    0.0    3.0   11.5   87.0
 1988  12   20    0.4    3.5    0.0    0.0    5.0    8.0  232.0
 1988  12   21    0.0    1.5    0.0    0.0    2.5   10.0   36.0
 1988  12   22    1.1    0.0    0.0    0.0    7.0   10.0   74.0
 1988  12   23    1.3    1.5    0.0    0.0    7.0   11.5   33.0
 1988  12   24    1.0    1.0    0.0    0.0    8.0   12.5   31.0
 1988  12   25    0.6    0.0    0.0    0.0    8.5   11.5  122.0
 1988  12   26    1.0    0.0    0.0    0.0    8.0   11.5  247.0
 1988  12   27    0.0    2.0    0.0    0.0    9.0   11.0   24.0
 1988  12   28    0.2    0.0    0.0    0.0    8.0   10.0  108.0
 1988  12   29    0.2    0.0    0.0    0.0    8.0   10.0   83.0
 1988  12   30    0.1    0.5    0.0    0.0    7.0    8.0   40.0
 1988  12   31    0.3    0.0    0.0    0.0    7.5    9.0  110.0
 1989   1    1    0.7    0.0    0.0    0.0    8.0    9.0   90.0
 1989   1    2    0.7    0.0    0.0    0.0    7.0    9.0  240.0
 1989   1    3    1.1    0.0    0.0    0.0    4.0    8.5   63.0
 1989   1    4    0.8    6.0    0.0    0.0    4.0    7.0   57.0
 1989   1    5    0.6    5.0    0.0    0.0    5.0    9.0  281.0
 1989   1    6    0.0    0.0    0.0    0.0    9.0   11.0  100.0
 1989   1    7    0.3    0.5    0.0    0.0    8.0   10.0   83.0
 1989   1    8    0.3    1.5    0.0    0.0    9.5   10.5   55.0
 1989   1    9    0.3    1.5    0.0    0.0    8.0   10.0   59.0
 1989   1   10    0.0    0.0    0.0    0.0    4.0   10.0   42.0
 1989   1   11    0.7    0.0    0.0    0.0    3.0    7.0  395.0
 1989   1   12    0.4    3.5    0.0    0.0    5.5    9.5   98.0
 1989   1   13    0.2    0.0    0.0    0.0    4.0    8.0  362.0
 1989   1   14    1.1    2.5    0.0    0.0    6.0   10.0  309.0
 1989   1   15    1.6    0.0    0.0    0.0    6.0   10.0  364.0
 1989   1   16    1.5    0.0    0.0    0.0    5.0   10.0  293.0
 1989   1   17    0.3    2.0    0.0    0.0    5.0    6.0   81.0
 1989   1   18    0.3    0.0    0.0    0.0    2.5    4.0  257.0
 1989   1   19    0.3    0.0    0.0    0.0    0.0    4.0  251.0
 1989   1   20    0.4    0.0    0.0    0.0    1.5    4.5   69.0
 1989   1   21    0.5    7.0    0.0    0.0    3.0    7.5  119.0
 1989   1   22    0.0    0.5    0.0    0.0    3.5    8.5  379.0
 1989   1   23    0.1    0.0    0.0    0.0    0.5    6.5  525.0
 1989   1   24    0.4    0.0    0.0    0.0    3.0    4.0  160.0
 1989   1   25    0.9    0.0    0.0    0.0    3.0    4.0  263.0
 1989   1   26    0.7    0.0    0.0    0.0    3.0    8.0  588.0
 1989   1   27    1.5    0.5    0.0    0.0    4.0    9.5  613.0
 1989   1   28    1.2    0.0    0.0    0.0    4.0    9.0  606.0
 1989   1   29    0.0    0.0    0.0    0.0    3.0    9.0  158.0
 1989   1   30    0.0    0.0    0.0    0.0    2.5   10.5  308.0
 1989   1   31    0.3    0.0    0.0    0.0    2.0    3.0  333.0
 1989   2    1    0.1    0.0    0.0    0.0    2.0    3.0  123.0
 1989   2    2    0.2    1.0    0.0    0.0    1.0    3.0  194.0
 1989   2    3    0.4    0.0    0.0    0.0    1.0    2.0  222.0
 1989   2    4    0.4    3.0    0.0    0.0    1.5    3.5  217.0
 1989   2    5    0.3    0.0    0.0    0.0    2.0    9.0   74.0
 1989   2    6    0.6    0.0    0.0    0.0    8.0   10.0  449.0
 1989   2    7    0.6    0.0    0.0    0.0    6.0    9.0  749.0
 1989   2    8    0.9    0.0    0.0    0.0    1.5    5.5  729.0
 1989   2    9    1.2    0.5    0.0    0.0   -0.5   11.0  797.0
 1989   2   10    0.9    0.0    0.0    0.0   -0.5   11.0  769.0
 1989   2   11    0.0    0.0    0.0    0.0    2.5    8.5  198.0
 1989   2   12    0.6    1.0    0.0    0.0    4.5    9.5  140.0
 1989   2   13    1.8    6.5    0.0    0.0   -1.0    9.0  606.0
 1989   2   14    2.0    0.0    0.0    0.0    0.5    8.0  568.0
 1989   2   15    2.7    8.0    0.0    0.0    7.0   14.0   87.0
 1989   2   16    0.9    0.0    0.0    0.0    3.0    7.0  545.0
 1989   2   17    2.0    4.5    0.0    0.0    4.5   11.0  460.0
 1989   2   18    2.2    2.0    0.0    0.0    6.5   10.0   76.0
 1989   2   19    1.5    7.5    0.0    0.0    4.0   10.0  157.0
 1989   2   20    2.0    1.0    0.0    0.0    5.5    9.5  613.0
 1989   2   21    1.3    0.0    0.0    0.0    4.0   11.0  690.0
 1989   2   22    3.0    7.5    0.0    0.0    4.0   11.0  656.0
 1989   2   23    1.2    1.5    0.0    0.0   10.0   13.0  458.0
 1989   2   24    4.2    1.0    0.0    0.0    6.0   13.0  894.0
 1989   2   25    5.3    8.0    0.0    0.0    4.0   10.0  490.0
 1989   2   26    3.2    7.0    0.0    0.0    4.5    9.0  498.0
 1989   2   27    3.7    3.0    0.0    0.0    6.0    9.0  370.0
 1989   2   28    2.4    0.0    0.0    0.0    5.0    9.0  461.0
ET
