C ********
C CLIMDATA
C ********

C SPECIFY THE CLIMATOLOGICAL DATA
C  IF NITROGEN IS MODELLED THEN SPECIFY MIN AND MAX TEMPERATURES
C  IF SUCROS IS USED THEN SPECIFY MIN, MAX TEMPERATURES AND GLOBAL RADIATION
C  ELSE SKIP LAST THREE COLUMNS

C    YR M DAY    ET0     PREC   IRRIG  INTC  MINTEM MAXTEMP GLOBAL RAD
C                (MM)    (MM)   (MM)   (MM)   (C)    (C)    (J/CM2/DAY)
C ---------------------------------------------------------------------
 1987 11  2     .46     .0  .0  .0   8.3  11.8  313.0
 1987 11  3     .23     .  .0  .0   4.7  10.7  566.0
 1987 11  4     .01     .0  .0  .0   3.3   9.7  638.0
 1987 11  5     .08     .0  .0  .0   1.3   8.3  598.0
 1987 11  6     .09     .0  .0  .0   1.4   5.3  242.0
 1987 11  7     .05     .0  .0  .0   2.0   4.9  326.0
 1987 11  8     .00     .0  .0  .0    .6   3.3  108.0
 1987 11  9     .31     .0  .0  .0    .8   6.3  294.0
 1987 11 10     .17    2.5  .0  .0   3.0   8.3  106.0
 1987 11 11     .42    3.6  .0  .0   3.6  10.3  172.0
 1987 11 12     .95    7.1  .0  .0   6.2   9.4  309.0
 1987 11 13     .64    6.4  .0  .0   5.7   8.2  157.0
 1987 11 14     .00     .2  .0  .0   4.5   9.4  562.0
 1987 11 15     .51    .2  .0  .0   3.0  11.3  288.0
 1987 11 16     .43    .4  .0  .0   4.2  13.4  276.0
 1987 11 17     .77     .0  .0  .0   8.3  10.7  361.0
 1987 11 18     .52     .0  .0  .0   7.6  11.8  260.0
 1987 11 19     .91    .0  .0  .0   8.8  10.9  135.0
 1987 11 20     .26    .7  .0  .0   5.7   9.1  191.0
 1987 11 21     .59    .2  .0  .0   6.2   9.6  230.0
 1987 11 22     .00   .5  .0  .0   5.9   7.1   56.0
 1987 11 23     .17     .2  .0  .0   4.3   6.9  180.0
 1987 11 24     .17     .0  .0  .0   4.2   6.0  202.0
 1987 11 25     .19   .9  .0  .0   1.8   4.1   42.0
 1987 11 26     .00    .6  .0  .0   2.1   4.8   33.0
 1987 11 27     .17     .3  .0  .0   3.3   6.2  116.0
 1987 11 28     .21     .0  .0  .0   3.4   5.3  331.0
 1987 11 29     .00     .0  .0  .0    .3   6.1  421.0
 1987 11 30     .06     .0  .0  .0  -1.4   5.4  358.0
 1987 12  1     .00     .0  .0  .0   -.9   3.5  334.0
 1987 12  2     .47     .0  .0  .0    .0   2.6  280.0
 1987 12  3     .07     .0  .0  .0   -.8   2.3  342.0
 1987 12  4     .25     .0  .0  .0  -2.2   5.3  343.0
 1987 12  5     .70     .0  .0  .0  -1.5   6.6  172.0
 1987 12  6     .14     .0  .0  .0   -.1   1.0   70.0
 1987 12  7     .20     .0  .0  .0  -2.7   1.8  284.0
 1987 12  8     .10     .0  .0  .0  -4.7   1.8  441.0
 1987 12  9     .00     .0  .0  .0  -6.6  -1.3  417.0
 1987 12 10     .00     .0  .0  .0  -8.5    .7  350.0
 1987 12 11     .00    .3  .0  .0  -6.8   2.2   58.0
 1987 12 12     .12     .2  .0  .0    .4   3.7  161.0
 1987 12 13     .00     .0  .0  .0   -.7    .8  357.0
 1987 12 14     .02     .0  .0  .0  -5.4  -1.2  195.0
 1987 12 15     .00    .0  .0  .0  -5.4   7.8   85.0
 1987 12 16     .04    .7  .0  .0  -1.3  11.0   74.0
 1987 12 17     .28    .8  .0  .0   7.8  14.1  102.0
 1987 12 18     .11    .2  .0  .0  10.3  14.5   37.0
 1987 12 19     .00     .0  .0  .0   7.3   9.6  307.0
 1987 12 20     .31    .3  .0  .0   6.3   9.6   99.0
 1987 12 21     .00    2.5  .0  .0   7.8   8.5   57.0
 1987 12 22     .00     .2  .0  .0   6.6   9.4  300.0
 1987 12 23     .00     .0  .0  .0   2.4   6.6  412.0
 1987 12 24     .28    1.1  .0  .0   1.4   7.0   60.0
 1987 12 25     .09    1.2  .0  .0   3.0   7.1   44.0
 1987 12 26     .37     .2  .0  .0   6.2   7.6  190.0
 1987 12 27     .77     .0  .0  .0   5.9   9.9  222.0
 1987 12 28     .53     .0  .0  .0   6.6  10.7  142.0
 1987 12 29    1.15    .7  .0  .0   7.3  12.2  142.0
 1987 12 30     .17     .7  .0  .0   8.9  11.5  105.0
 1987 12 31     .28     .0  .0  .0   8.6   9.5  255.0
 1988  1  1     .37    .3  .0  .0   6.6  11.7  196.0
 1988  1  2     .62    .8  .0  .0   6.7  12.8   71.0
 1988  1  3     .58    3.6  .0  .0   7.5   8.5  149.0
 1988  1  4     .37   .4  .0  .0   4.3  10.3  220.0
 1988  1  5     .28    .5  .0  .0   4.4  11.6   57.0
 1988  1  6     .41    2.5  .0  .0   7.3  10.0  275.0
 1988  1  7     .36     .6  .0  .0   4.0   5.7  134.0
 1988  1  8     .34     .5  .0  .0   3.6   6.4  325.0
 1988  1  9     .25    1.2  .0  .0   3.2  10.2   94.0
 1988  1 10     .00   1.8  .0  .0   3.9  10.2   60.0
 1988  1 11     .00     .0  .0  .0   5.6   7.3  391.0
 1988  1 12     .00     .0  .0  .0   2.8   7.1  454.0
 1988  1 13     .60    1.1  .0  .0   2.3   9.0  233.0
 1988  1 14     .05     .3  .0  .0   3.8  10.0  361.0
 1988  1 15     .03     .7  .0  .0   3.4   4.9  109.0
 1988  1 16     .00     .4  .0  .0   3.5   6.4   77.0
 1988  1 17     .14     .0  .0  .0   4.8   6.3  147.0
 1988  1 18     .11     .1  .0  .0    .8   5.3  109.0
 1988  1 19     .00     .0  .0  .0   1.3  11.8  492.0
 1988  1 20     .23    2.3  .0  .0   4.3   7.3   84.0
 1988  1 21     .24     .0  .0  .0   4.4   5.3  155.0
 1988  1 22     .14    7.7  .0  .0   1.8   5.6   68.0
 1988  1 23     .10   3.5  .0  .0   -.1   8.3  315.0
 1988  1 24     .09   0.3  .0  .0   -.2  10.5  253.0
 1988  1 25     .45    5.2  .0  .0   6.6   9.6  127.0
 1988  1 26     .30    5.2  .0  .0   7.3   8.1  148.0
 1988  1 27     .30    8.7  .0  .0   1.5   8.6  419.0
 1988  1 28     .12    1.1  .0  .0   1.1  10.0  135.0
 1988  1 29     .44    5.4  .0  .0   8.4   9.5  156.0
 1988  1 30     .41     .3  .0  .0   4.3   6.1  199.0
 1988  1 31     .16    4.2  .0  .0   1.2   6.7  403.0
 1988  2  1     .47    3.2  .0  .0   1.7   8.4  161.0
 1988  2  2     .76    5.8  .0  .0   5.0   8.3  273.0
 1988  2  3     .42    4.6  .0  .0   3.3   9.7  369.0
 1988  2  4     .92    3.2  .0  .0   3.8   9.4  428.0
 1988  2  5     .62    5.1  .0  .0   4.4  10.2  411.0
 1988  2  6     .21     .7  .0  .0   2.7   6.3  376.0
 1988  2  7     .13   0.7  .0  .0    .9   6.0  504.0
 1988  2  8     .43     .4  .0  .0    .8   5.0  303.0
 1988  2  9     .59    5.2  .0  .0   1.2   9.6  421.0
 1988  2 10     .63    8.6  .0  .0   1.5   6.0  305.0
 1988  2 11     .20    1.9  .0  .0   1.8   7.1  731.0
 1988  2 12     .38     .1  .0  .0   1.8   5.8  391.0
 1988  2 13     .32     .0  .0  .0   -.3   6.8  710.0
 1988  2 14     .95     .0  .0  .0    .0  13.0  814.0
 1988  2 15     .48     .0  .0  .0   2.0  12.3  888.0
 1988  2 16     .25     .0  .0  .0   1.9   8.4  512.0
 1988  2 17     .37     .4  .0  .0   -.3   6.6  413.0
 1988  2 18     .32    2.7  .0  .0    .5   6.8  275.0
 1988  2 19     .30    1.0  .0  .0   2.9   8.6  651.0
 1988  2 20     .30     .0  .0  .0   5.0   8.9  265.0
 1988  2 21     .29     .0  .0  .0   5.6   8.6  296.0
 1988  2 22     .21    2.6  .0  .0   -.2   6.2  597.0
 1988  2 23     .20    6.1  .0  .0   -.2   5.3  570.0
 1988  2 24     .43     .4  .0  .0   1.9   4.7  437.0
 1988  2 25     .35    1.0  .0  .0   -.1   2.6  414.0
 1988  2 26     .37    3.9  .0  .0    .0   2.0  230.0
 1988  2 27     .49     .5  .0  .0    .2   2.7  262.0
 1988  2 28     .30    6.0  .0  .0   -.4   6.4  370.0
 1988  2 29     .29   1.7  .0  .0    .9   4.2  285.0
 1988  3  1     .36    5.4  .0  .0    .2   3.4  550.0
 1988  3  2     .41     .8  .0  .0   -.2   4.7  681.0
 1988  3  3     .53    4.3  .0  .0   -.1   4.2  339.0
 1988  3  4     .28    3.5  .0  .0   1.1   2.8  332.0
 1988  3  5     .47     .6  .0  .0  -1.6   4.2  890.0
 1988  3  6     .25    6.0  .0  .0  -1.1   7.9  268.0
 1988  3  7     .54    2.4  .0  .0   3.0   6.9  511.0
 1988  3  8     .39     .0  .0  .0    .3   6.7  955.0
 1988  3  9     .28     .0  .0  .0    .3   4.9  232.0
 1988  3 10     .23    1.5  .0  .0   1.4   7.2  216.0
 1988  3 11     .44    .1  .0  .0   3.8   7.6  368.0
 1988  3 12     .12    .9  .0  .0   3.8   7.0  159.0
 1988  3 13     .18   1.6  .0  .0   1.2   7.4  297.0
 1988  3 14     .29    .6  .0  .0    .6   7.4  414.0
 1988  3 15     .19    .2  .0  .0   1.0   9.9  212.0
 1988  3 16     .78    4.0  .0  .0   5.7  10.7  476.0
 1988  3 17     .86     .0  .0  .0   3.7   7.6  735.0
 1988  3 18    1.05    1.9  .0  .0   2.0   9.3 1506.0
 1988  3 19     .54    2.7  .0  .0   2.3  11.0  299.0
 1988  3 20     .92    .3  .0  .0   4.1  13.8  812.0
 1988  3 21     .30    2.0  .0  .0   9.1   9.7  202.0
 1988  3 22     .71    2.6  .0  .0   5.2  11.6  634.0
 1988  3 23     .53   1.9  .0  .0   5.9  10.8  491.0
 1988  3 24     .75    9.7  .0  .0   4.3  12.0  540.0
 1988  3 25     .76    5.9  .0  .0   3.5  10.9  466.0
 1988  3 26    1.17    4.1  .0  .0   3.8  11.7  995.0
 1988  3 27     .65    3.7  .0  .0   4.8   8.3  461.0
 1988  3 28     .45    2.7  .0  .0   1.8   7.8  599.0
 1988  3 29    1.07    4.0  .0  .0   2.5  11.6  876.0
 1988  3 30    1.14    2.5  .0  .0   5.8  11.8  867.0
 1988  3 31     .83     .2  .0  .0   2.0  10.6 1263.0
 1988  4  1    1.17     .0  .0  .0   2.2  11.8 1331.0
 1988  4  2    1.24     .0  .0  .0   3.2  13.5 1396.0
 1988  4  3    1.53     .0  .0  .0   3.7  14.5 1810.0
 1988  4  4    1.55     .0  .0  .0   3.8  13.2 1483.0
 1988  4  5     .84     .0  .0  .0   3.5   9.7  631.0
 1988  4  6    1.49     .0  .0  .0   3.8  15.4 1402.0
 1988  4  7    1.43     .0  .0  .0   4.6  16.9 1642.0
 1988  4  8    1.16     .0  .0  .0   6.5  12.6  952.0
 1988  4  9     .67     .8  .0  .0   4.3   4.6  528.0
 1988  4 10    1.25     .0  .0  .0  -1.8  10.3 2142.0
 1988  4 11    1.51     .0  .0  .0   -.7  15.0 2085.0
 1988  4 12    1.55    1.3  .0  .0   2.3  15.5 1312.0
 1988  4 13    1.53     .0  .0  .0   2.6  10.0 2031.0
 1988  4 14    2.04     .0  .0  .0   1.2  16.0 2285.0
 1988  4 15    2.35     .1  .0  .0   2.0  19.0 1437.0
 1988  4 16    1.76    5.5  .0  .0   8.3  20.6 1152.0
 1988  4 17    1.45    1.5  .0  .0  10.2  17.9 1045.0
 1988  4 18    1.50    9.0  .0  .0  10.0  22.0 1378.0
 1988  4 19    2.55    2.7  .0  .0  12.3  24.8 2027.0
 1988  4 20    1.36     .0  .0  .0  11.3  15.8 1006.0
 1988  4 21    1.66     .0  .0  .0   7.2  15.3 1267.0
 1988  4 22    1.53     .0  .0  .0   7.0  15.1 1519.0
 1988  4 23    1.95     .0  .0  .0   1.4   9.5 2472.0
 1988  4 24    2.03     .0  .0  .0    .8  11.3 2506.0
 1988  4 25    1.93     .0  .0  .0   1.0  12.5 2307.0
 1988  4 26    1.98     .0  .0  .0   1.0  13.4 2342.0
 1988  4 27    1.97     .0  .0  .0   2.7  16.2 2200.0
 1988  4 28    1.47    1.6  .0  .0   4.2  14.4 1352.0
 1988  4 29    1.74     .0  .0  .0   2.9  16.3 1377.0
 1988  4 30    2.26     .0  .0  .0   6.0  20.0 1880.0
 1988  5  1    1.83    7.0  .0  .0   8.4  19.1 1276.0
 1988  5  2    1.85    2.0  .0  .0   8.0  18.0 1694.0
 1988  5  3    1.46    7.1  .0  .0   9.0  15.8 1052.0
 1988  5  4    1.36    1.9  .0  .0   9.5  15.6 1015.0
 1988  5  5    2.19     .0  .0  .0   6.7  18.4 2210.0
 1988  5  6    2.57     .1  .0  .0   8.6  20.0 2522.0
 1988  5  7    2.86     .4  .0  .0   9.7  22.8 1541.0
 1988  5  8    2.83   0.9  .0  .0  10.9  23.2 1424.0
 1988  5  9    1.96   3.0  .0  .0  15.4  22.0 1301.0
 1988  5 10     .10    7.6  .0  .0  10.0  10.7  208.0
 1988  5 11     .95     .0  .0  .0   9.2  17.3  786.0
 1988  5 12    2.95     .0  .0  .0   9.4  21.6 2487.0
 1988  5 13    3.20     .0  .0  .0  12.9  23.9 2582.0
 1988  5 14    3.36     .0  .0  .0  14.0  24.2 2496.0
 1988  5 15    3.34     .0  .0  .0  14.3  24.0 2111.0
 1988  5 16    3.58     .4  .0  .0  16.0  25.2 2173.0
 1988  5 17    2.67     .0  .0  .0  12.4  21.0 2113.0
 1988  5 18    1.89    3.2  .0  .0   8.5  14.3 1296.0
 1988  5 19     .85    1.3  .0  .0   7.6  11.2  580.0
 1988  5 20    2.06     .0  .0  .0   6.8  14.2 1940.0
 1988  5 21    1.82     .0  .0  .0   3.9  15.4 1870.0
 1988  5 22    2.78     .0  .0  .0   6.8  17.8 2870.0
 1988  5 23    3.25    3.0  .0  .0   8.2  23.4 2551.0
 1988  5 24    2.63     .0  .0  .0  10.3  20.5 2303.0
 1988  5 25    2.79     .6  .0  .0  12.2  25.3 1992.0
 1988  5 26    2.45   5.3  .0  .0  14.3  22.7 1696.0
 1988  5 27     .17   3.5  .0  .0  12.1  13.6  228.0
 1988  5 28     .84     .2  .0  .0  11.5  14.4  584.0
 1988  5 29    2.31    2.8  .0  .0  10.4  17.4 1590.0
 1988  5 30    1.48    5.7  .0  .0   9.7  16.4 1331.0
 1988  5 31    2.39     .0  .0  .0   8.9  16.5 1969.0
 1988  6  1    2.25     .0  .0  .0   8.4  18.7 1601.0
 1988  6  2    1.58    4.5  .0  .0   9.9  19.1 1029.0
 1988  6  3    1.23    1.1  .0  .0  11.8  15.7  852.0
 1988  6  4    2.07    2.5  .0  .0  10.3  15.1 1569.0
 1988  6  5    2.17     .8  .0  .0   6.9  15.3 1986.0
 1988  6  6    1.45     .7  .0  .0   8.5  14.6  998.0
 1988  6  7    1.66     .0  .0  .0   7.4  16.5 1284.0
 1988  6  8    1.76     .0  .0  .0   7.7  17.7 1494.0
 1988  6  9    2.21     .0  .0  .0  11.3  19.7 1452.0
 1988  6 10    1.01     .3  .0  .0  12.7  18.4  655.0
 1988  6 11    2.45     .0  .0  .0  12.7  19.2 1911.0
 1988  6 12    1.90     .0  .0  .0  11.9  19.4 1189.0
 1988  6 13    2.97     .0  .0  .0  12.8  23.4 2307.0
 1988  6 14    3.69     .0  .0  .0  12.8  23.7 2807.0
 1988  6 15    2.08     .0  .0  .0  12.4  19.9 1348.0
 1988  6 16    1.33     .0  .0  .0  12.3  15.9  775.0
 1988  6 17    3.16     .0  .0  .0  11.6  20.8 2337.0
 1988  6 18    1.65     .0  .0  .0  13.3  20.7 1092.0
 1988  6 19    2.89     .0  .0  .0  11.2  18.4 2437.0
 1988  6 20    2.54     .0  .0  .0  11.0  20.6 1767.0
 1988  6 21    2.69     .0  .0  .0  12.6  23.3 1619.0
 1988  6 22    2.14     .0  .0  .0  15.0  18.1 1433.0
 1988  6 23    2.27     .0  .0  .0   6.8  19.9 1675.0
 1988  6 24     .99    1.0  .0  .0  10.7  16.3  554.0
 1988  6 25    1.31     .3  .0  .0  12.7  18.4  753.0
 1988  6 26     .65     .2  .0  .0  13.0  15.7  399.0
 1988  6 27    1.30     .0  .0  .0  13.7  20.3  815.0
 1988  6 28    2.69     .0  .0  .0  12.7  21.7 1863.0
 1988  6 29    2.34    6.6  .0  .0  13.3  22.4 1590.0
 1988  6 30    2.77    1.5  .0  .0  14.9  25.7 1922.0
 1988  7  1    2.09    4.2  .0  .0  16.3  22.2 1540.0
 1988  7  2    1.78   1.5  .0  .0  11.4  17.3 1458.0
 1988  7  3    1.44   .0  .0  .0  10.4  18.9 1173.0
 1988  7  4    2.72    2.6  .0  .0  15.8  21.3 1755.0
 1988  7  5     .87    6.0  .0  .0  13.9  16.7  705.0
 1988  7  6    2.69    1.3  .0  .0  12.6  22.0 1940.0
 1988  7  7    2.08    .2  .0  .0  12.0  20.2 1655.0
 1988  7  8    1.87    .3  .0  .0  12.4  19.6 1441.0
 1988  7  9    2.63     .0  .0  .0  10.2  20.2 2036.0
 1988  7 10    3.72     .0  .0  .0  11.1  25.0 2730.0
 1988  7 11    2.37     .6  .0  .0  15.0  22.0 1449.0
 1988  7 12    2.70     .0  .0  .0  11.7  20.1 1822.0
 1988  7 13    1.26   1.0  .0  .0  12.2  19.2  824.0
 1988  7 14    1.09    .6  .0  .0  11.8  18.3  684.0
 1988  7 15     .16    .5  .0  .0  12.5  13.8  211.0
 1988  7 16     .68     .3  .0  .0  12.3  15.2  445.0
 1988  7 17     .46    6.7  .0  .0  12.5  16.3  372.0
 1988  7 18    1.49     .2  .0  .0  11.4  18.7  965.0
 1988  7 19    2.11     .0  .0  .0  10.0  22.1 1714.0
 1988  7 20    1.80     .0  .0  .0  10.6  19.6 1254.0
 1988  7 21    1.40    1.9  .0  .0  12.3  21.7  807.0
 1988  7 22     .86   11.5  .0  .0  16.4  23.3  590.0
 1988  7 23    3.14   14.1  .0  .0  18.4  28.2 1827.0
 1988  7 24    2.84     .0  .0  .0  15.3  20.8 2004.0
 1988  7 25    3.53    6.2  .0  .0  12.3  23.4 2464.0
 1988  7 26     .67    8.9  .0  .0  15.5  16.5  420.0
ET
