C ***********
C CLIMDATA.IN
C ***********

C SPECIFY THE CLIMATOLOGICAL DATA

C   YEAR MONTH DAY    ET0   PREC  IRRIG   INTC 
C                    (MM)   (MM)   (MM)   (MM) 
C ---------------------------------------------
    1990   1    1      0      10.    0       0
    1990   1    2      0      10.    0       0
    1990   1    3      0      10.    0       0
    1990   1    4      0      10.    0       0
    1990   1    5      0      10.    0       0
    1990   1    6      0      10.    0       0
    1990   1    7      0      10.    0       0
    1990   1    8      0      10.    0       0
    1990   1    9      0      10.    0       0
    1990   1   10      0      10.    0       0
ET
