C ********
C CLIMDATA
C ********

C SPECIFY THE CLIMATOLOGICAL DATA
C  IF NITROGEN IS MODELLED THEN SPECIFY MIN AND MAX TEMPERATURES
C  IF SUCROS IS USED THEN SPECIFY MIN, MAX TEMPERATURES AND GLOBAL RADIATION
C  ELSE SKIP LAST THREE COLUMNS

C    YR M DAY    ET0     PREC   IRRIG  INTC  MINTEM MAXTEMP GLOBAL RAD
C                (MM)    (MM)   (MM)   (MM)   (C)    (C)    (J/CM2/DAY)
C ---------------------------------------------------------------------
     1988  12 31     0.00     1.50     0.00     0.00     2.57     7.12   106.47
     1989   1  1     0.00     1.50     0.00     0.00     2.57     7.12   106.47
     1989   1  2     0.00     0.00     0.00     0.00     2.23     6.36    69.30
     1989   1  3     0.13     0.00     0.00     0.00    -2.89     3.00   175.68
     1989   1  4     0.14     0.00     0.00     0.00     1.01     5.06   358.83
     1989   1  5     0.09     1.80     0.00     0.00     1.99     5.01   163.62
     1989   1  6     0.00     2.70     0.00     0.00     1.09     2.72    81.81
     1989   1  7     0.00     1.00     0.00     0.00     1.07     4.81    95.76
     1989   1  8     0.00     3.70     0.00     0.00     4.48     9.29    64.89
     1989   1  9     0.31     0.00     0.00     0.00     5.61    10.72   363.51
     1989   1 10     0.00     2.70     0.00     0.00     4.64     8.12    86.13
     1989   1 11     0.22     0.00     0.00     0.00     1.15     4.99   409.59
     1989   1 12     0.27     0.00     0.00     0.00     2.53     8.66   395.28
     1989   1 13     0.44     0.10     0.00     0.00     3.98     7.82   299.16
     1989   1 14     0.26     1.50     0.00     0.00     4.64     9.99   220.50
     1989   1 15     0.38     0.00     0.00     0.00     3.89     7.82   258.12
     1989   1 16     0.00     0.00     0.00     0.00     7.20     8.08   125.19
     1989   1 17     0.00     1.30     0.00     0.00     4.31     7.23   128.25
     1989   1 18     0.51     0.00     0.00     0.00     2.01     5.20   299.88
     1989   1 19     0.40     0.00     0.00     0.00    -1.86     4.47   440.19
     1989   1 20     0.20     0.00     0.00     0.00    -5.06    -1.70   200.25
     1989   1 21     0.51     0.00     0.00     0.00    -2.02     5.32   385.56
     1989   1 22     0.19     0.00     0.00     0.00     3.00     5.60   196.47
     1989   1 23     0.43     0.00     0.00     0.00     0.67     5.99   514.53
     1989   1 24     0.47     0.00     0.00     0.00    -2.22     4.09   514.80
     1989   1 25     0.27     0.00     0.00     0.00    -6.62    -2.02   223.92
     1989   1 26     0.51     0.00     0.00     0.00    -6.71     5.48   539.64
     1989   1 27     0.42     0.00     0.00     0.00    -1.72     6.79   579.87
     1989   1 28     0.40     0.00     0.00     0.00    -0.85     9.98   623.97
     1989   1 29     0.19     0.10     0.00     0.00     1.01     3.94   197.91
     1989   1 30     0.66     0.00     0.00     0.00     2.13     6.33   552.60
     1989   1 31     0.73     0.00     0.00     0.00     2.48     6.26   539.46
     1989   2  1     0.34     0.00     0.00     0.00    -0.31     2.40   242.73
     1989   2  2     0.59     0.00     0.00     0.00    -1.89     1.21   329.49
     1989   2  3     0.53     0.00     0.00     0.00    -1.46     3.89   311.76
     1989   2  4     0.74     0.00     0.00     0.00    -1.21     5.07   677.52
     1989   2  5     0.84     0.70     0.00     0.00     1.93     6.14   519.48
     1989   2  6     0.06     0.00     0.00     0.00     4.68     9.98   153.90
     1989   2  7     0.91     0.00     0.00     0.00     7.10    11.33   594.81
     1989   2  8     0.93     0.00     0.00     0.00     1.35    11.82   721.26
     1989   2  9     0.85     0.00     0.00     0.00    -3.79     2.74   411.84
     1989   2 10     1.02     0.00     0.00     0.00    -0.45     5.18   631.26
     1989   2 11     1.04     0.00     0.00     0.00     0.84     9.25   732.60
     1989   2 12     0.43     8.30     0.00     0.00     2.16     6.67   276.66
     1989   2 13     1.09     1.00     0.00     0.00     1.11     5.90   627.30
     1989   2 14     0.49     1.10     0.00     0.00     2.97     6.29   297.63
     1989   2 15     0.14     6.60     0.00     0.00     2.61     5.53   179.55
     1989   2 16     1.16     1.20     0.00     0.00     0.55     5.68   553.05
     1989   2 17     1.32     0.00     0.00     0.00    -1.08     4.80   929.43
     1989   2 18     0.47     0.60     0.00     0.00     1.31    11.01   287.10
     1989   2 19     0.37     3.10     0.00     0.00     8.75    12.77   245.52
     1989   2 20     0.55    10.40     0.00     0.00     2.63    11.83   313.83
     1989   2 21     1.33     0.00     0.00     0.00     0.25     6.76   665.01
     1989   2 22     1.33     0.00     0.00     0.00    -1.88     6.41   680.58
     1989   2 23     0.62     0.20     0.00     0.00     3.66     5.95   351.09
     1989   2 24     0.68     0.30     0.00     0.00     0.45     6.52   378.99
     1989   2 25     1.34     0.00     0.00     0.00     4.39     9.11   840.69
     1989   2 26     1.36     1.80     0.00     0.00     2.13     7.92   710.46
     1989   2 27     0.90     0.70     0.00     0.00     2.10     4.72   462.24
     1989   2 28     1.47     4.00     0.00     0.00     1.06     6.44   645.84
     1989   3  1     0.80     0.60     0.00     0.00     1.62     5.48   399.24
     1989   3  2     1.02     4.40     0.00     0.00     2.79     7.57   469.53
     1989   3  3     0.89     4.40     0.00     0.00     2.80     9.38   423.81
     1989   3  4     1.34     0.10     0.00     0.00     4.68     9.15   573.93
     1989   3  5     0.87     0.00     0.00     0.00     6.26    11.33   416.79
     1989   3  6     2.27     0.00     0.00     0.00     2.27    17.66  1153.62
     1989   3  7     2.26     0.00     0.00     0.00     2.05    17.13  1149.03
     1989   3  8     0.25     1.90     0.00     0.00     4.35    10.19   214.11
     1989   3  9     2.24     0.00     0.00     0.00     2.41     9.59  1116.54
     1989   3 10     2.12     0.40     0.00     0.00     6.23    13.79  1016.73
     1989   3 11     1.23     1.10     0.00     0.00     6.68    13.90   539.28
     1989   3 12     2.42     0.00     0.00     0.00     1.63    10.81  1170.36
     1989   3 13     1.22     0.40     0.00     0.00     4.11    11.92   536.76
     1989   3 14     1.89     0.00     0.00     0.00     3.54     8.39   761.49
     1989   3 15     1.78     2.00     0.00     0.00     4.53     8.86   719.91
     1989   3 16     0.72     3.40     0.00     0.00     0.67     8.57   371.70
     1989   3 17     0.46     3.70     0.00     0.00     1.20     9.47   284.67
     1989   3 18     3.00     0.00     0.00     0.00    -0.78     7.18  1494.63
     1989   3 19     2.28     0.00     0.00     0.00    -0.83    11.03   994.68
     1989   3 20     2.98     0.00     0.00     0.00     3.04    13.48  1467.09
     1989   3 21     2.15     1.00     0.00     0.00     2.97     8.97   840.69
     1989   3 22     1.71     1.80     0.00     0.00     3.55    12.29   694.53
     1989   3 23     2.60     1.10     0.00     0.00     0.77     8.12  1116.27
     1989   3 24     0.97    10.60     0.00     0.00     3.84     7.28   455.67
     1989   3 25     3.31     0.00     0.00     0.00     3.20    10.28  1587.96
     1989   3 26     3.16     0.00     0.00     0.00     1.71    11.95  1440.72
     1989   3 27     3.54     0.00     0.00     0.00     0.72    21.02  1654.11
     1989   3 28     3.03     0.00     0.00     0.00     4.75    22.42  1360.44
     1989   3 29     3.37     0.00     0.00     0.00     4.32    14.22  1527.93
     1989   3 30     3.29     0.00     0.00     0.00     3.82    16.79  1419.03
     1989   3 31     3.60     0.10     0.00     0.00     6.47    17.29  1590.12
     1989   4  1     0.45     0.00     0.00     0.00     0.45     9.19   283.23
     1989   4  2     3.38     0.00     0.00     0.00    -3.83     4.55  1449.81
     1989   4  3     3.15     0.00     0.00     0.00    -3.18     5.49  1307.88
     1989   4  4     1.04     0.00     0.00     0.00    -0.01     4.59   480.69
     1989   4  5     0.00     2.60     0.00     0.00     0.61     2.88   111.96
     1989   4  6     3.13     0.00     0.00     0.00     2.64    10.87  1259.19
     1989   4  7     2.60     0.40     0.00     0.00     6.36    12.65   995.40
     1989   4  8     3.32     0.00     0.00     0.00     4.05    13.65  1337.58
     1989   4  9     4.15     0.10     0.00     0.00     3.84    12.69  1817.28
     1989   4 10     1.10     0.00     0.00     0.00     4.51    12.65   498.33
     1989   4 11     4.17     0.00     0.00     0.00     9.29    19.28  1810.89
     1989   4 12     3.13     1.50     0.00     0.00    10.66    19.65  1199.34
     1989   4 13     3.12     1.10     0.00     0.00     9.96    16.48  1158.75
     1989   4 14     3.55    10.60     0.00     0.00     6.76    20.32  1381.41
     1989   4 15     0.39     0.00     0.00     0.00     7.15     9.59   256.50
     1989   4 16     0.73     7.10     0.00     0.00     6.41     8.98   367.56
     1989   4 17     2.13     0.20     0.00     0.00     1.79     8.84   837.81
     1989   4 18     3.51     0.10     0.00     0.00    -1.37     8.43  1362.51
     1989   4 19     2.43     3.50     0.00     0.00     3.50     7.51   932.13
     1989   4 20     3.11     0.90     0.00     0.00     2.11     9.62  1156.86
     1989   4 21     2.51     0.40     0.00     0.00     3.95    14.47   955.44
     1989   4 22     2.59     0.00     0.00     0.00     3.03    11.09   988.11
     1989   4 23     0.78     2.60     0.00     0.00     3.17     6.67   391.32
     1989   4 24     3.84     0.00     0.00     0.00     4.05    15.36  1477.98
     1989   4 25     2.99     0.00     0.00     0.00     5.96    18.93  1115.01
     1989   4 26     0.21     4.30     0.00     0.00     2.47     9.74   197.64
     1989   4 27     2.28     0.30     0.00     0.00     1.80     7.46   883.17
     1989   4 28     1.45     1.90     0.00     0.00     1.29     5.26   611.82
     1989   4 29     4.47     0.10     0.00     0.00     1.60    10.62  1765.53
     1989   4 30     4.17     0.00     0.00     0.00     1.85    12.00  1609.38
     1989   5  1     5.76     0.00     0.00     0.00     0.53    14.53  2415.24
     1989   5  2     4.58     0.00     0.00     0.00     6.33    18.44  1801.08
     1989   5  3     4.88     0.00     0.00     0.00     7.20    15.51  1910.97
     1989   5  4     5.66     0.00     0.00     0.00     5.56    19.01  2292.39
     1989   5  5     5.71     0.00     0.00     0.00     7.91    18.73  2306.61
     1989   5  6     4.90     0.80     0.00     0.00     4.24    11.58  1947.06
     1989   5  7     3.11     0.00     0.00     0.00     4.22    10.51  1156.86
     1989   5  8     5.08     0.00     0.00     0.00     6.16    16.58  2005.47
     1989   5  9     5.96     0.00     0.00     0.00     7.74    21.52  2449.17
     1989   5 10     1.91     0.00     0.00     0.00     6.64    12.86   756.63
     1989   5 11     2.87     4.70     0.00     0.00     2.43    16.14  1071.45
     1989   5 12     3.82     1.50     0.00     0.00     7.04    14.93  1384.02
     1989   5 13     5.40     0.00     0.00     0.00     7.20    15.09  2148.75
     1989   5 14     4.96     0.00     0.00     0.00     4.50    15.86  1918.71
     1989   5 15     6.42     0.00     0.00     0.00     3.67    18.69  2631.69
     1989   5 16     6.41     0.00     0.00     0.00     4.50    21.38  2625.12
     1989   5 17     6.17     0.00     0.00     0.00     6.37    21.38  2488.59
     1989   5 18     6.08     0.00     0.00     0.00     7.89    22.18  2411.55
     1989   5 19     5.84     0.00     0.00     0.00     8.30    24.00  2306.43
     1989   5 20     5.76     0.00     0.00     0.00     9.95    22.89  2252.07
     1989   5 21     6.57     0.00     0.00     0.00     8.22    21.82  2654.55
     1989   5 22     6.87     0.00     0.00     0.00     4.21    19.62  2841.03
     1989   5 23     6.74     0.00     0.00     0.00     5.39    21.98  2766.06
     1989   5 24     6.58     0.00     0.00     0.00     5.75    24.04  2667.06
     1989   5 25     6.52     0.00     0.00     0.00     8.98    24.21  2629.62
     1989   5 26     6.41     0.00     0.00     0.00     9.53    24.52  2559.42
     1989   5 27     6.42     0.00     0.00     0.00    10.35    20.38  2535.30
     1989   5 28     6.60     0.00     0.00     0.00     6.51    20.53  2629.08
     1989   5 29     6.60     0.00     0.00     0.00     6.43    19.95  2615.40
     1989   5 30     5.10     0.90     0.00     0.00     6.59    21.78  1913.04
     1989   5 31     5.37     0.00     0.00     0.00     4.31    13.48  2058.57
     1989   6  1     4.68     0.00     0.00     0.00     5.04    16.87  1731.78
     1989   6  2     0.83     9.10     0.00     0.00     7.71     9.70   403.56
     1989   6  3     4.71     0.90     0.00     0.00     6.69    16.13  1720.17
     1989   6  4     1.54     8.90     0.00     0.00     7.26    12.99   633.24
     1989   6  5     5.51     1.30     0.00     0.00     5.02    15.07  2085.12
     1989   6  6     5.30     0.00     0.00     0.00     5.70    15.49  1994.58
     1989   6  7     3.54     1.50     0.00     0.00     5.47    15.16  1293.93
     1989   6  8     4.78     0.10     0.00     0.00     7.01    16.94  1749.15
     1989   6  9     5.87     0.10     0.00     0.00     7.23    17.91  2243.25
     1989   6 10     6.40     0.00     0.00     0.00     6.05    21.25  2493.18
     1989   6 11     1.06     8.40     0.00     0.00    11.36    13.62   471.96
     1989   6 12     6.64     0.00     0.00     0.00     8.78    22.42  2575.80
     1989   6 13     7.19     0.00     0.00     0.00     7.04    22.67  2870.19
     1989   6 14     6.52     0.00     0.00     0.00     8.43    22.17  2550.60
     1989   6 15     6.61     0.00     0.00     0.00     8.87    20.95  2602.35
     1989   6 16     7.19     0.00     0.00     0.00     5.25    20.83  2897.73
     1989   6 17     7.09     0.00     0.00     0.00     8.12    23.80  2832.21
     1989   6 18     6.74     0.00     0.00     0.00    10.86    24.52  2619.54
     1989   6 19     7.20     0.00     0.00     0.00    11.29    24.69  2852.37
     1989   6 20     6.62     0.00     0.00     0.00    10.34    26.78  2574.00
     1989   6 21     6.21     0.00     0.00     0.00    13.27    25.85  2375.91
     1989   6 22     5.98     0.00     0.00     0.00    14.70    26.55  2265.93
     1989   6 23     4.49     1.00     0.00     0.00    13.40    25.26  1593.09
     1989   6 24     5.38     0.00     0.00     0.00    10.35    21.29  1995.30
     1989   6 25     5.95     0.00     0.00     0.00     8.31    25.49  2268.81
     1989   6 26     5.20     0.00     0.00     0.00    12.66    27.95  1922.31
     1989   6 27     5.20     2.30     0.00     0.00    13.86    27.91  1909.35
     1989   6 28     4.96     3.90     0.00     0.00    10.28    20.42  1817.55
     1989   6 29     3.78     1.10     0.00     0.00     9.26    20.08  1372.59
     1989   6 30     6.48     2.60     0.00     0.00     8.86    18.31  2505.69
     1989   7  1     3.41     3.50     0.00     0.00     7.97    21.29  1242.90
     1989   7  2     3.69    32.30     0.00     0.00    12.85    20.23  1323.54
     1989   7  3     2.34     0.20     0.00     0.00    10.73    17.45   890.28
     1989   7  4     4.21     0.00     0.00     0.00    11.23    24.02  1500.30
     1989   7  5     6.34     0.00     0.00     0.00    13.17    26.81  2398.95
     1989   7  6     6.89     0.00     0.00     0.00    13.54    28.08  2683.53
     1989   7  7     6.67     0.00     0.00     0.00    13.06    31.63  2588.67
     1989   7  8     3.52     4.10     0.00     0.00    17.27    24.10  1262.61
     1989   7  9     4.06     5.90     0.00     0.00    14.29    24.17  1442.61
     1989   7 10     2.72     0.40     0.00     0.00    12.04    18.93  1014.39
     1989   7 11     5.68     0.00     0.00     0.00    12.46    21.09  2146.59
     1989   7 12     5.87     0.00     0.00     0.00    12.51    24.28  2232.72
     1989   7 13     5.21     0.00     0.00     0.00    12.14    22.47  1942.02
     1989   7 14     4.36     0.50     0.00     0.00    10.35    16.87  1565.37
     1989   7 15     2.94     0.60     0.00     0.00     9.79    17.05  1088.91
     1989   7 16     4.27     0.00     0.00     0.00    10.25    18.81  1526.76
     1989   7 17     4.49     5.00     0.00     0.00    10.12    17.93  1635.66
     1989   7 18     4.23     1.60     0.00     0.00     9.79    18.26  1516.77
     1989   7 19     3.81     0.00     0.00     0.00     8.85    16.07  1381.41
     1989   7 20     4.64     0.00     0.00     0.00     7.60    18.28  1708.65
     1989   7 21     6.48     0.00     0.00     0.00     9.14    24.80  2541.06
     1989   7 22     5.57     0.00     0.00     0.00     8.75    28.50  2155.50
     1989   7 23     2.63     4.60     0.00     0.00    12.96    27.20   977.31
     1989   7 24     5.33     0.00     0.00     0.00    15.27    28.79  1975.95
     1989   7 25     4.58    12.30     0.00     0.00    13.67    26.81  1660.86
     1989   7 26     4.64     6.90     0.00     0.00    16.06    26.24  1684.08
     1989   7 27     3.19     0.10     0.00     0.00    11.61    21.57  1171.08
     1989   7 28     4.45     0.00     0.00     0.00     9.54    21.88  1630.98
     1989   7 29     4.72     0.00     0.00     0.00    13.62    26.07  1746.90
     1989   7 30     3.08     0.30     0.00     0.00    13.62    27.23  1121.67
     1989   7 31     4.15     2.80     0.00     0.00    10.92    19.14  1499.58
     1989   8  1     4.36     5.50     0.00     0.00     9.81    17.42  1605.42
     1989   8  2     2.37     1.90     0.00     0.00     9.78    16.09   898.92
     1989   8  3     2.26     1.30     0.00     0.00     9.74    18.42   860.76
     1989   8  4     3.09     0.30     0.00     0.00    11.20    17.94  1140.39
     1989   8  5     5.03     0.00     0.00     0.00     9.88    22.17  1972.80
     1989   8  6     5.69     0.00     0.00     0.00     8.41    26.73  2290.14
     1989   8  7     3.56     0.00     0.00     0.00    15.29    26.91  1288.17
     1989   8  8     4.48     0.40     0.00     0.00    14.57    26.83  1679.67
     1989   8  9     4.68     0.00     0.00     0.00    14.47    23.89  1798.92
     1989   8 10     4.26     0.00     0.00     0.00    15.46    27.72  1630.26
     1989   8 11     4.18     0.00     0.00     0.00    14.92    27.87  1580.04
     1989   8 12     3.72     0.00     0.00     0.00    15.19    24.69  1357.92
     1989   8 13     4.98     0.00     0.00     0.00    14.35    26.26  1998.72
     1989   8 14     5.06     0.00     0.00     0.00    14.84    27.87  2062.44
     1989   8 15     4.58     0.00     0.00     0.00    14.07    31.03  1812.15
     1989   8 16     3.86     2.70     0.00     0.00    17.73    35.02  1411.56
     1989   8 17     4.71     1.30     0.00     0.00    13.73    25.61  1865.70
     1989   8 18     4.68     0.00     0.00     0.00    11.93    24.39  1905.12
     1989   8 19     4.81     0.00     0.00     0.00     9.21    27.68  1981.08
     1989   8 20     4.49     0.00     0.00     0.00    12.87    30.57  1829.79
     1989   8 21     4.59     0.00     0.00     0.00    19.16    31.75  1906.02
     1989   8 22     3.99     0.00     0.00     0.00    15.78    29.33  1542.69
     1989   8 23     4.21     0.00     0.00     0.00    12.69    21.96  1705.86
     1989   8 24     3.77     0.00     0.00     0.00    12.23    23.24  1485.63
     1989   8 25     1.79     4.40     0.00     0.00     8.93    18.35   718.38
     1989   8 26     3.98     0.00     0.00     0.00     6.47    18.55  1608.93
     1989   8 27     1.57    16.60     0.00     0.00     9.54    18.36   634.86
     1989   8 28     0.14    43.80     0.00     0.00     8.65    10.41   169.92
     1989   8 29     3.11     0.00     0.00     0.00     9.02    16.17  1156.23
     1989   8 30     4.47     0.00     0.00     0.00     6.10    20.47  1905.93
     1989   8 31     4.24     0.00     0.00     0.00     6.80    22.74  1808.28
     1989   9  1     0.16     7.10     0.00     0.00    11.46    14.74   177.03
     1989   9  2     3.74     0.00     0.00     0.00    10.13    17.47  1516.41
     1989   9  3     3.80     5.10     0.00     0.00     8.77    16.58  1576.35
     1989   9  4     2.89     0.00     0.00     0.00     8.59    15.52  1087.11
     1989   9  5     3.20     0.00     0.00     0.00     7.31    17.64  1275.30
     1989   9  6     3.83     0.00     0.00     0.00    10.12    20.66  1640.43
     1989   9  7     2.77     0.00     0.00     0.00    13.25    21.11  1036.44
     1989   9  8     3.77     0.20     0.00     0.00     9.58    23.39  1609.02
     1989   9  9     3.66     0.00     0.00     0.00     9.83    23.93  1572.57
     1989   9 10     3.01     0.00     0.00     0.00    11.87    21.84  1194.21
     1989   9 11     1.29     0.00     0.00     0.00    10.32    18.49   551.16
     1989   9 12     3.63     0.00     0.00     0.00     8.99    19.86  1609.47
     1989   9 13     1.81     0.70     0.00     0.00     6.45    20.54   721.98
     1989   9 14     2.04     5.50     0.00     0.00    10.22    19.18   795.15
     1989   9 15     0.63     2.60     0.00     0.00     9.75    15.64   329.22
     1989   9 16     2.05     2.10     0.00     0.00    13.46    20.25   788.76
     1989   9 17     2.80     0.00     0.00     0.00    16.07    23.98  1125.00
     1989   9 18     3.19     0.00     0.00     0.00    15.03    28.32  1390.50
     1989   9 19     2.62     0.70     0.00     0.00    15.15    27.17  1044.00
     1989   9 20     2.97     0.00     0.00     0.00    12.74    22.03  1258.92
     1989   9 21     2.90     0.00     0.00     0.00    10.48    24.96  1227.42
     1989   9 22     2.97     0.00     0.00     0.00    12.02    25.86  1281.60
     1989   9 23     0.96     0.00     0.00     0.00    13.45    19.34   434.88
     1989   9 24     0.85     0.00     0.00     0.00    13.37    16.72   400.05
     1989   9 25     0.90     1.90     0.00     0.00    11.82    17.84   414.99
     1989   9 26     0.76     1.90     0.00     0.00     8.34    16.28   375.30
     1989   9 27     2.31     0.00     0.00     0.00     7.93    14.02   982.53
     1989   9 28     1.18     0.00     0.00     0.00     8.50    13.77   515.97
     1989   9 29     0.00     0.10     0.00     0.00     6.00    13.29    41.67
     1989   9 30     1.71     0.50     0.00     0.00     9.05    15.88   687.33
     1989  10  1     0.87     1.00     0.00     0.00    10.25    13.02   411.48
     1989  10  2     1.59     0.20     0.00     0.00     9.59    14.56   648.09
     1989  10  3     2.30     0.50     0.00     0.00     4.19    13.60  1138.95
     1989  10  4     2.42     0.00     0.00     0.00     1.20    14.50  1264.68
     1989  10  5     2.27     0.00     0.00     0.00     1.73    18.74  1188.27
     1989  10  6     1.15     2.30     0.00     0.00     7.14    14.40   512.19
     1989  10  7     1.06     7.30     0.00     0.00     7.56    11.36   476.46
     1989  10  8     0.33     1.70     0.00     0.00     6.77     9.49   237.51
     1989  10  9     0.32     0.90     0.00     0.00     5.76     9.47   235.53
     1989  10 10     1.55     1.20     0.00     0.00     6.78    10.47   638.37
     1989  10 11     1.10     1.60     0.00     0.00     7.62    11.18   494.82
     1989  10 12     1.24     0.30     0.00     0.00     7.85    13.53   537.93
     1989  10 13     1.03     0.00     0.00     0.00    12.47    15.28   464.04
     1989  10 14     1.44     7.40     0.00     0.00     6.65    12.69   604.17
     1989  10 15     1.52     0.00     0.00     0.00     6.18    11.51   694.26
     1989  10 16     1.53     0.00     0.00     0.00     6.14    12.85   751.05
     1989  10 17     1.44     0.00     0.00     0.00     6.89    15.37   659.43
     1989  10 18     1.63     0.00     0.00     0.00     3.85    18.42   920.25
     1989  10 19     1.40     0.00     0.00     0.00     9.15    17.61   676.17
     1989  10 20     0.81     0.90     0.00     0.00    10.37    15.67   395.46
     1989  10 21     1.29     0.00     0.00     0.00    10.82    20.25   572.31
     1989  10 22     1.33     0.00     0.00     0.00    14.99    21.81   854.10
     1989  10 23     1.25     0.00     0.00     0.00    14.45    22.12   652.50
     1989  10 24     1.17     0.10     0.00     0.00    12.17    16.96   512.55
     1989  10 25     1.31     0.00     0.00     0.00    11.04    17.92   799.29
     1989  10 26     1.05     0.00     0.00     0.00    12.82    17.05   470.34
     1989  10 27     1.12     0.10     0.00     0.00     9.47    15.50   489.24
     1989  10 28     1.15     0.00     0.00     0.00     4.57    22.17   748.98
     1989  10 29     0.89     0.10     0.00     0.00     8.90    13.55   430.74
     1989  10 30     0.11    18.70     0.00     0.00    10.05    15.40   159.75
     1989  10 31     0.39     3.90     0.00     0.00     9.26    11.83   254.25
     1989  11  1     0.53     5.10     0.00     0.00    10.00    12.94   301.32
     1989  11  2     0.99     5.30     0.00     0.00     8.63    15.76   609.30
     1989  11  3     0.00     2.50     0.00     0.00     8.80    13.06   118.62
     1989  11  4     0.89     0.00     0.00     0.00     6.60    11.39   463.68
     1989  11  5     0.82     0.00     0.00     0.00     5.18     9.83   405.36
     1989  11  6     0.15     0.00     0.00     0.00     3.62     7.65   180.63
     1989  11  7     0.41     0.10     0.00     0.00     3.51     6.80   265.77
     1989  11  8     0.77     0.50     0.00     0.00     2.49     8.56   441.81
     1989  11  9     0.73     0.00     0.00     0.00     4.37     8.57   467.28
     1989  11 10     0.71     0.00     0.00     0.00     1.43     9.34   430.20
     1989  11 11     0.57     0.00     0.00     0.00     3.61    14.94   569.97
     1989  11 12     0.61     0.00     0.00     0.00     1.29    10.77   558.90
     1989  11 13     0.61     0.00     0.00     0.00    -0.98    10.72   540.36
     1989  11 14     0.52     0.00     0.00     0.00     0.36    11.62   522.63
     1989  11 15     0.65     0.00     0.00     0.00     1.07    10.09   365.13
     1989  11 16     0.52     0.00     0.00     0.00    -2.05     3.98   518.22
     1989  11 17     0.49     0.00     0.00     0.00    -2.18     2.73   480.15
     1989  11 18     0.47     0.00     0.00     0.00    -4.03     1.64   450.72
     1989  11 19     0.45     0.00     0.00     0.00    -5.70     1.48   457.56
     1989  11 20     0.37     0.00     0.00     0.00    -4.96     3.99   501.66
     1989  11 21     0.24     0.00     0.00     0.00    -8.30    -2.61   212.31
     1989  11 22     0.44     5.00     0.00     0.00    -2.63     2.46   408.24
     1989  11 23     0.40     0.20     0.00     0.00    -2.63     2.64   407.88
     1989  11 24     0.00     1.60     0.00     0.00    -3.04     4.40   121.95
     1989  11 25     0.42     0.00     0.00     0.00    -5.10    -1.27   352.17
     1989  11 26     0.00     4.50     0.00     0.00    -1.28     3.38    75.87
     1989  11 27     0.06     2.70     0.00     0.00     3.14     6.46   149.40
     1989  11 28     0.29     0.00     0.00     0.00    -1.87     5.65   396.81
     1989  11 29     0.26     0.00     0.00     0.00    -4.20     2.75   405.81
     1989  11 30     0.36     0.00     0.00     0.00    -6.81    -1.59   335.07
     1989  12  1     0.31     0.00     0.00     0.00    -7.91    -4.49   236.43
     1989  12  2     0.29     0.00     0.00     0.00    -8.67     1.94   350.91
     1989  12  3     0.21     0.00     0.00     0.00    -3.67     3.91   366.30
     1989  12  4     0.00     0.00     0.00     0.00    -5.88     3.39    78.75
     1989  12  5     0.02     0.00     0.00     0.00     1.66     3.60   141.21
     1989  12  6     0.05     0.10     0.00     0.00     2.71     5.49   149.31
     1989  12  7     0.28     1.30     0.00     0.00    -0.27     6.08   312.21
     1989  12  8     0.16     0.00     0.00     0.00     0.02     2.45   186.39
     1989  12  9     0.00     0.30     0.00     0.00    -0.95     3.27    56.70
     1989  12 10     0.15     0.00     0.00     0.00    -3.55     1.37   346.50
     1989  12 11     0.00     1.70     0.00     0.00     0.05     1.50   117.99
     1989  12 12     0.19     0.00     0.00     0.00    -0.05     3.15   199.44
     1989  12 13     0.00     9.00     0.00     0.00     1.34     6.54    39.96
     1989  12 14     0.00     5.70     0.00     0.00     2.08    11.80   101.25
     1989  12 15     0.00     0.40     0.00     0.00     3.35    11.18    65.79
     1989  12 16     0.00     4.50     0.00     0.00     2.43    15.17   105.48
     1989  12 17     0.02     9.40     0.00     0.00     8.51    13.69   138.06
     1989  12 18     0.30     0.00     0.00     0.00     9.68    13.67   232.83
     1989  12 19     0.27     1.00     0.00     0.00     4.52    13.47   272.61
     1989  12 20     0.00     3.30     0.00     0.00     3.96    11.52    52.74
     1989  12 21     0.24     1.20     0.00     0.00    10.52    13.37   293.04
     1989  12 22     0.00    16.10     0.00     0.00     6.58    11.75    54.18
     1989  12 23     0.32     0.80     0.00     0.00     4.36     6.52   244.89
     1989  12 24     0.00     0.90     0.00     0.00     4.32     8.00   121.23
     1989  12 25     0.00     0.00     0.00     0.00     2.50    13.00     0.00
     1989  12 26     0.00     0.00     0.00     0.00     0.20     9.00     0.00
     1989  12 27     0.00     1.30     0.00     0.00    -2.00     2.10     0.00
     1989  12 28     0.00     0.00     0.00     0.00    -2.50     0.20     0.00
     1989  12 29     0.00     0.00     0.00     0.00    -1.80    -1.10     0.00
     1989  12 30     0.00     0.00     0.00     0.00    -1.90    -1.00     0.00
ET